     1,         690.,   956.771362,           0.
      2,   637.476868,   956.771362,  -264.051575
      3,   487.903687,   956.771362,  -487.903687
      4,   264.051575,   956.771362,  -637.476868
      5,           0.,   956.771362,        -690.
      6,  -264.051575,   956.771362,  -637.476868
      7,  -487.903687,   956.771362,  -487.903687
      8,  -637.476868,   956.771362,  -264.051575
      9,        -690.,   956.771362,           0.
     10,  -637.476868,   956.771362,   264.051575
     11,  -487.903687,   956.771362,   487.903687
     12,  -264.051575,   956.771362,   637.476868
     13,           0.,   956.771362,         690.
     14,   264.051575,   956.771362,   637.476868
     15,   487.903687,   956.771362,   487.903687
     16,   637.476868,   956.771362,   264.051575
     17,   1033.10059,   826.495239,           0.
     18,    954.46051,   826.495239,  -395.350464
     19,   730.512329,   826.495239,  -730.512573
     20,   395.350647,   826.495239,  -954.460449
     21,  1.23196014e-05,   826.495239,  -1033.10059
     22,  -395.350616,   826.495239,  -954.460449
     23,  -730.512512,   826.495239,   -730.51239
     24,   -954.46051,   826.495239,  -395.350494
     25,  -1033.10059,   826.495239,  -9.03165273e-05
     26,  -954.460449,   826.495239,   395.350555
     27,  -730.512451,   826.495239,   730.512451
     28,  -395.350464,   826.495239,    954.46051
     29,  -4.51582637e-05,   826.495239,   1033.10059
     30,   395.350494,   826.495239,    954.46051
     31,   730.512451,   826.495239,   730.512451
     32,    954.46051,   826.495239,   395.350494
     33,   1341.69812,   628.578125,           0.
     34,    1239.5675,   628.578125,  -513.445679
     35,   948.723755,   628.578125,  -948.723999
     36,   513.445862,   628.578125,  -1239.56738
     37,  1.59995907e-05,   628.578125,  -1341.69824
     38,  -513.445862,   628.578125,  -1239.56738
     39,  -948.723938,   628.578125,  -948.723816
     40,   -1239.5675,   628.578125,  -513.445679
     41,  -1341.69824,   628.578125, -0.000117294985
     42,   -1239.5675,   628.578125,    513.44574
     43,  -948.723877,   628.578125,   948.723877
     44,  -513.445618,   628.578125,    1239.5675
     45,  -5.86474926e-05,   628.578125,   1341.69824
     46,   513.445679,   628.578125,    1239.5675
     47,   948.723877,   628.578125,   948.723877
     48,    1239.5675,   628.578125,   513.445679
     49,   1578.93274,   350.482666,           0.
     50,   1458.74365,   350.482666,  -604.231384
     51,   1116.47388,   350.482666,  -1116.47424
     52,   604.231628,   350.482666,  -1458.74353
     53,  1.88285831e-05,   350.482666,  -1578.93274
     54,  -604.231628,   350.482666,  -1458.74353
     55,  -1116.47412,   350.482666,    -1116.474
     56,  -1458.74365,   350.482666,  -604.231384
     57,  -1578.93274,   350.482666, -0.00013803468
     58,  -1458.74353,   350.482666,   604.231506
     59,    -1116.474,   350.482666,     1116.474
     60,  -604.231323,   350.482666,   1458.74365
     61,  -6.90173401e-05,   350.482666,   1578.93274
     62,   604.231384,   350.482666,   1458.74365
     63,     1116.474,   350.482666,     1116.474
     64,   1458.74365,   350.482666,   604.231384
     65,        1675.,           0.,           0.
     66,   1547.49817,           0.,  -640.994751
     67,   1184.40381,           0.,  -1184.40381
     68,   640.994751,           0.,  -1547.49817
     69,           0.,           0.,       -1675.
     70,  -640.994751,           0.,  -1547.49817
     71,  -1184.40381,           0.,  -1184.40381
     72,  -1547.49817,           0.,  -640.994751
     73,       -1675.,           0.,           0.
     74,  -1547.49817,           0.,   640.994751
     75,  -1184.40381,           0.,   1184.40381
     76,  -640.994751,           0.,   1547.49817
     77,           0.,           0.,        1675.
     78,   640.994751,           0.,   1547.49817
     79,   1184.40381,           0.,   1184.40381
     80,   1547.49817,           0.,   640.994751
     81,        1675.,        -180.,           0.
     82,   1547.49817,        -180.,  -640.994751
     83,   1184.40381,        -180.,  -1184.40381
     84,   640.994751,        -180.,  -1547.49817
     85,           0.,        -180.,       -1675.
     86,  -640.994751,        -180.,  -1547.49817
     87,  -1184.40381,        -180.,  -1184.40381
     88,  -1547.49817,        -180.,  -640.994751
     89,       -1675.,        -180.,           0.
     90,  -1547.49817,        -180.,   640.994751
     91,  -1184.40381,        -180.,   1184.40381
     92,  -640.994751,        -180.,   1547.49817
     93,           0.,        -180.,        1675.
     94,   640.994751,        -180.,   1547.49817
     95,   1184.40381,        -180.,   1184.40381
     96,   1547.49817,        -180.,   640.994751
     97,        1675.,        -360.,           0.
     98,   1547.49817,        -360.,  -640.994751
     99,   1184.40381,        -360.,  -1184.40381
    100,   640.994751,        -360.,  -1547.49817
    101,           0.,        -360.,       -1675.
    102,  -640.994751,        -360.,  -1547.49817
    103,  -1184.40381,        -360.,  -1184.40381
    104,  -1547.49817,        -360.,  -640.994751
    105,       -1675.,        -360.,           0.
    106,  -1547.49817,        -360.,   640.994751
    107,  -1184.40381,        -360.,   1184.40381
    108,  -640.994751,        -360.,   1547.49817
    109,           0.,        -360.,        1675.
    110,   640.994751,        -360.,   1547.49817
    111,   1184.40381,        -360.,   1184.40381
    112,   1547.49817,        -360.,   640.994751
    113,        1675.,        -540.,           0.
    114,   1547.49817,        -540.,  -640.994751
    115,   1184.40381,        -540.,  -1184.40381
    116,   640.994751,        -540.,  -1547.49817
    117,           0.,        -540.,       -1675.
    118,  -640.994751,        -540.,  -1547.49817
    119,  -1184.40381,        -540.,  -1184.40381
    120,  -1547.49817,        -540.,  -640.994751
    121,       -1675.,        -540.,           0.
    122,  -1547.49817,        -540.,   640.994751
    123,  -1184.40381,        -540.,   1184.40381
    124,  -640.994751,        -540.,   1547.49817
    125,           0.,        -540.,        1675.
    126,   640.994751,        -540.,   1547.49817
    127,   1184.40381,        -540.,   1184.40381
    128,   1547.49817,        -540.,   640.994751
    129,        1675.,        -720.,           0.
    130,   1547.49817,        -720.,  -640.994751
    131,   1184.40381,        -720.,  -1184.40381
    132,   640.994751,        -720.,  -1547.49817
    133,           0.,        -720.,       -1675.
    134,  -640.994751,        -720.,  -1547.49817
    135,  -1184.40381,        -720.,  -1184.40381
    136,  -1547.49817,        -720.,  -640.994751
    137,       -1675.,        -720.,           0.
    138,  -1547.49817,        -720.,   640.994751
    139,  -1184.40381,        -720.,   1184.40381
    140,  -640.994751,        -720.,   1547.49817
    141,           0.,        -720.,        1675.
    142,   640.994751,        -720.,   1547.49817
    143,   1184.40381,        -720.,   1184.40381
    144,   1547.49817,        -720.,   640.994751
    145,        1675.,        -900.,           0.
    146,   1547.49817,        -900.,  -640.994751
    147,   1184.40381,        -900.,  -1184.40381
    148,   640.994751,        -900.,  -1547.49817
    149,           0.,        -900.,       -1675.
    150,  -640.994751,        -900.,  -1547.49817
    151,  -1184.40381,        -900.,  -1184.40381
    152,  -1547.49817,        -900.,  -640.994751
    153,       -1675.,        -900.,           0.
    154,  -1547.49817,        -900.,   640.994751
    155,  -1184.40381,        -900.,   1184.40381
    156,  -640.994751,        -900.,   1547.49817
    157,           0.,        -900.,        1675.
    158,   640.994751,        -900.,   1547.49817
    159,   1184.40381,        -900.,   1184.40381
    160,   1547.49817,        -900.,   640.994751
    161,        1675.,       -1080.,           0.
    162,   1547.49817,       -1080.,  -640.994751
    163,   1184.40381,       -1080.,  -1184.40381
    164,   640.994751,       -1080.,  -1547.49817
    165,           0.,       -1080.,       -1675.
    166,  -640.994751,       -1080.,  -1547.49817
    167,  -1184.40381,       -1080.,  -1184.40381
    168,  -1547.49817,       -1080.,  -640.994751
    169,       -1675.,       -1080.,           0.
    170,  -1547.49817,       -1080.,   640.994751
    171,  -1184.40381,       -1080.,   1184.40381
    172,  -640.994751,       -1080.,   1547.49817
    173,           0.,       -1080.,        1675.
    174,   640.994751,       -1080.,   1547.49817
    175,   1184.40381,       -1080.,   1184.40381
    176,   1547.49817,       -1080.,   640.994751
    177,        1675.,       -1260.,           0.
    178,   1547.49817,       -1260.,  -640.994751
    179,   1184.40381,       -1260.,  -1184.40381
    180,   640.994751,       -1260.,  -1547.49817
    181,           0.,       -1260.,       -1675.
    182,  -640.994751,       -1260.,  -1547.49817
    183,  -1184.40381,       -1260.,  -1184.40381
    184,  -1547.49817,       -1260.,  -640.994751
    185,       -1675.,       -1260.,           0.
    186,  -1547.49817,       -1260.,   640.994751
    187,  -1184.40381,       -1260.,   1184.40381
    188,  -640.994751,       -1260.,   1547.49817
    189,           0.,       -1260.,        1675.
    190,   640.994751,       -1260.,   1547.49817
    191,   1184.40381,       -1260.,   1184.40381
    192,   1547.49817,       -1260.,   640.994751
    193,        1675.,       -1440.,           0.
    194,   1547.49817,       -1440.,  -640.994751
    195,   1184.40381,       -1440.,  -1184.40381
    196,   640.994751,       -1440.,  -1547.49817
    197,           0.,       -1440.,       -1675.
    198,  -640.994751,       -1440.,  -1547.49817
    199,  -1184.40381,       -1440.,  -1184.40381
    200,  -1547.49817,       -1440.,  -640.994751
    201,       -1675.,       -1440.,           0.
    202,  -1547.49817,       -1440.,   640.994751
    203,  -1184.40381,       -1440.,   1184.40381
    204,  -640.994751,       -1440.,   1547.49817
    205,           0.,       -1440.,        1675.
    206,   640.994751,       -1440.,   1547.49817
    207,   1184.40381,       -1440.,   1184.40381
    208,   1547.49817,       -1440.,   640.994751
    209,        1675.,       -1620.,           0.
    210,   1547.49817,       -1620.,  -640.994751
    211,   1184.40381,       -1620.,  -1184.40381
    212,   640.994751,       -1620.,  -1547.49817
    213,           0.,       -1620.,       -1675.
    214,  -640.994751,       -1620.,  -1547.49817
    215,  -1184.40381,       -1620.,  -1184.40381
    216,  -1547.49817,       -1620.,  -640.994751
    217,       -1675.,       -1620.,           0.
    218,  -1547.49817,       -1620.,   640.994751
    219,  -1184.40381,       -1620.,   1184.40381
    220,  -640.994751,       -1620.,   1547.49817
    221,           0.,       -1620.,        1675.
    222,   640.994751,       -1620.,   1547.49817
    223,   1184.40381,       -1620.,   1184.40381
    224,   1547.49817,       -1620.,   640.994751