      1,   1642.81531,         720.,  -326.776276
      2,   1642.81531,         576.,  -326.776276
      3,   1642.81531,         432.,  -326.776276
      4,   1642.81531,         288.,  -326.776276
      5,   1642.81531,         144.,  -326.776276
      6,   1642.81531,           0.,  -326.776276
      7,   1547.49817,         720.,  -640.994751
      8,   1547.49817,         576.,  -640.994751
      9,   1547.49817,         432.,  -640.994751
     10,   1547.49817,         288.,  -640.994751
     11,   1547.49817,         144.,  -640.994751
     12,   1547.49817,           0.,  -640.994751
     13,   1392.71155,         720.,  -930.580139
     14,   1392.71155,         576.,  -930.580139
     15,   1392.71155,         432.,  -930.580139
     16,   1392.71155,         288.,  -930.580139
     17,   1392.71155,         144.,  -930.580139
     18,   1392.71155,           0.,  -930.580139
     19,   1184.40381,         720.,  -1184.40381
     20,   1184.40381,         576.,  -1184.40381
     21,   1184.40381,         432.,  -1184.40381
     22,   1184.40381,         288.,  -1184.40381
     23,   1184.40381,         144.,  -1184.40381
     24,   1184.40381,           0.,  -1184.40381
     25,   930.580139,         720.,  -1392.71155
     26,   930.580139,         576.,  -1392.71155
     27,   930.580139,         432.,  -1392.71155
     28,   930.580139,         288.,  -1392.71155
     29,   930.580139,         144.,  -1392.71155
     30,   930.580139,           0.,  -1392.71155
     31,   640.994751,         720.,  -1547.49817
     32,   640.994751,         576.,  -1547.49817
     33,   640.994751,         432.,  -1547.49817
     34,   640.994751,         288.,  -1547.49817
     35,   640.994751,         144.,  -1547.49817
     36,   640.994751,           0.,  -1547.49817
     37,   326.776276,         720.,  -1642.81531
     38,   326.776276,         576.,  -1642.81531
     39,   326.776276,         432.,  -1642.81531
     40,   326.776276,         288.,  -1642.81531
     41,   326.776276,         144.,  -1642.81531
     42,   326.776276,           0.,  -1642.81531
     43,           0.,         720.,       -1675.
     44,           0.,         576.,       -1675.
     45,           0.,         432.,       -1675.
     46,           0.,         288.,       -1675.
     47,           0.,         144.,       -1675.
     48,           0.,           0.,       -1675.
     49,  -326.776276,         720.,  -1642.81531
     50,  -326.776276,         576.,  -1642.81531
     51,  -326.776276,         432.,  -1642.81531
     52,  -326.776276,         288.,  -1642.81531
     53,  -326.776276,         144.,  -1642.81531
     54,  -326.776276,           0.,  -1642.81531
     55,  -640.994751,         720.,  -1547.49817
     56,  -640.994751,         576.,  -1547.49817
     57,  -640.994751,         432.,  -1547.49817
     58,  -640.994751,         288.,  -1547.49817
     59,  -640.994751,         144.,  -1547.49817
     60,  -640.994751,           0.,  -1547.49817
     61,  -930.580139,         720.,  -1392.71155
     62,  -930.580139,         576.,  -1392.71155
     63,  -930.580139,         432.,  -1392.71155
     64,  -930.580139,         288.,  -1392.71155
     65,  -930.580139,         144.,  -1392.71155
     66,  -930.580139,           0.,  -1392.71155
     67,  -1184.40381,         720.,  -1184.40381
     68,  -1184.40381,         576.,  -1184.40381
     69,  -1184.40381,         432.,  -1184.40381
     70,  -1184.40381,         288.,  -1184.40381
     71,  -1184.40381,         144.,  -1184.40381
     72,  -1184.40381,           0.,  -1184.40381
     73,  -1392.71155,         720.,  -930.580139
     74,  -1392.71155,         576.,  -930.580139
     75,  -1392.71155,         432.,  -930.580139
     76,  -1392.71155,         288.,  -930.580139
     77,  -1392.71155,         144.,  -930.580139
     78,  -1392.71155,           0.,  -930.580139
     79,  -1547.49817,         720.,  -640.994751
     80,  -1547.49817,         576.,  -640.994751
     81,  -1547.49817,         432.,  -640.994751
     82,  -1547.49817,         288.,  -640.994751
     83,  -1547.49817,         144.,  -640.994751
     84,  -1547.49817,           0.,  -640.994751
     85,  -1642.81531,         720.,  -326.776276
     86,  -1642.81531,         576.,  -326.776276
     87,  -1642.81531,         432.,  -326.776276
     88,  -1642.81531,         288.,  -326.776276
     89,  -1642.81531,         144.,  -326.776276
     90,  -1642.81531,           0.,  -326.776276
     91,       -1675.,         720.,           0.
     92,       -1675.,         576.,           0.
     93,       -1675.,         432.,           0.
     94,       -1675.,         288.,           0.
     95,       -1675.,         144.,           0.
     96,       -1675.,           0.,           0.
     97,  -1642.81531,         720.,   326.776276
     98,  -1642.81531,         576.,   326.776276
     99,  -1642.81531,         432.,   326.776276
    100,  -1642.81531,         288.,   326.776276
    101,  -1642.81531,         144.,   326.776276
    102,  -1642.81531,           0.,   326.776276
    103,  -1547.49817,         720.,   640.994751
    104,  -1547.49817,         576.,   640.994751
    105,  -1547.49817,         432.,   640.994751
    106,  -1547.49817,         288.,   640.994751
    107,  -1547.49817,         144.,   640.994751
    108,  -1547.49817,           0.,   640.994751
    109,  -1392.71155,         720.,   930.580139
    110,  -1392.71155,         576.,   930.580139
    111,  -1392.71155,         432.,   930.580139
    112,  -1392.71155,         288.,   930.580139
    113,  -1392.71155,         144.,   930.580139
    114,  -1392.71155,           0.,   930.580139
    115,  -1184.40381,         720.,   1184.40381
    116,  -1184.40381,         576.,   1184.40381
    117,  -1184.40381,         432.,   1184.40381
    118,  -1184.40381,         288.,   1184.40381
    119,  -1184.40381,         144.,   1184.40381
    120,  -1184.40381,           0.,   1184.40381
    121,  -930.580139,         720.,   1392.71155
    122,  -930.580139,         576.,   1392.71155
    123,  -930.580139,         432.,   1392.71155
    124,  -930.580139,         288.,   1392.71155
    125,  -930.580139,         144.,   1392.71155
    126,  -930.580139,           0.,   1392.71155
    127,  -640.994751,         720.,   1547.49817
    128,  -640.994751,         576.,   1547.49817
    129,  -640.994751,         432.,   1547.49817
    130,  -640.994751,         288.,   1547.49817
    131,  -640.994751,         144.,   1547.49817
    132,  -640.994751,           0.,   1547.49817
    133,  -326.776276,         720.,   1642.81531
    134,  -326.776276,         576.,   1642.81531
    135,  -326.776276,         432.,   1642.81531
    136,  -326.776276,         288.,   1642.81531
    137,  -326.776276,         144.,   1642.81531
    138,  -326.776276,           0.,   1642.81531
    139,           0.,         720.,        1675.
    140,           0.,         576.,        1675.
    141,           0.,         432.,        1675.
    142,           0.,         288.,        1675.
    143,           0.,         144.,        1675.
    144,           0.,           0.,        1675.
    145,   326.776276,         720.,   1642.81531
    146,   326.776276,         576.,   1642.81531
    147,   326.776276,         432.,   1642.81531
    148,   326.776276,         288.,   1642.81531
    149,   326.776276,         144.,   1642.81531
    150,   326.776276,           0.,   1642.81531
    151,   640.994751,         720.,   1547.49817
    152,   640.994751,         576.,   1547.49817
    153,   640.994751,         432.,   1547.49817
    154,   640.994751,         288.,   1547.49817
    155,   640.994751,         144.,   1547.49817
    156,   640.994751,           0.,   1547.49817
    157,   930.580139,         720.,   1392.71155
    158,   930.580139,         576.,   1392.71155
    159,   930.580139,         432.,   1392.71155
    160,   930.580139,         288.,   1392.71155
    161,   930.580139,         144.,   1392.71155
    162,   930.580139,           0.,   1392.71155
    163,   1184.40381,         720.,   1184.40381
    164,   1184.40381,         576.,   1184.40381
    165,   1184.40381,         432.,   1184.40381
    166,   1184.40381,         288.,   1184.40381
    167,   1184.40381,         144.,   1184.40381
    168,   1184.40381,           0.,   1184.40381
    169,   1392.71155,         720.,   930.580139
    170,   1392.71155,         576.,   930.580139
    171,   1392.71155,         432.,   930.580139
    172,   1392.71155,         288.,   930.580139
    173,   1392.71155,         144.,   930.580139
    174,   1392.71155,           0.,   930.580139
    175,   1547.49817,         720.,   640.994751
    176,   1547.49817,         576.,   640.994751
    177,   1547.49817,         432.,   640.994751
    178,   1547.49817,         288.,   640.994751
    179,   1547.49817,         144.,   640.994751
    180,   1547.49817,           0.,   640.994751
    181,   1642.81531,         720.,   326.776276
    182,   1642.81531,         576.,   326.776276
    183,   1642.81531,         432.,   326.776276
    184,   1642.81531,         288.,   326.776276
    185,   1642.81531,         144.,   326.776276
    186,   1642.81531,           0.,   326.776276
    187,        1675.,         720.,           0.
    188,        1675.,         576.,           0.
    189,        1675.,         432.,           0.
    190,        1675.,         288.,           0.
    191,        1675.,         144.,           0.
    192,        1675.,           0.,           0.