     1,   637.476868,   956.771362,  -264.051575
      2,   487.903687,   956.771362,  -487.903687
      3,   264.051575,   956.771362,  -637.476868
      4,           0.,   956.771362,        -690.
      5,  -264.051575,   956.771362,  -637.476868
      6,  -487.903687,   956.771362,  -487.903687
      7,  -637.476868,   956.771362,  -264.051575
      8,        -690.,   956.771362,           0.
      9,  -637.476868,   956.771362,   264.051575
     10,  -487.903687,   956.771362,   487.903687
     11,  -264.051575,   956.771362,   637.476868
     12,           0.,   956.771362,         690.
     13,   264.051575,   956.771362,   637.476868
     14,   487.903687,   956.771362,   487.903687
     15,   637.476868,   956.771362,   264.051575
     16,         690.,   956.771362,           0.
     17,    954.46051,   826.495239,  -395.350464
     18,   730.512329,   826.495239,  -730.512573
     19,   395.350647,   826.495239,  -954.460449
     20,  1.23196014e-05,   826.495239,  -1033.10059
     21,  -395.350616,   826.495239,  -954.460449
     22,  -730.512512,   826.495239,   -730.51239
     23,   -954.46051,   826.495239,  -395.350494
     24,  -1033.10059,   826.495239,  -9.03165273e-05
     25,  -954.460449,   826.495239,   395.350555
     26,  -730.512451,   826.495239,   730.512451
     27,  -395.350464,   826.495239,    954.46051
     28,  -4.51582637e-05,   826.495239,   1033.10059
     29,   395.350494,   826.495239,    954.46051
     30,   730.512451,   826.495239,   730.512451
     31,    954.46051,   826.495239,   395.350494
     32,   1033.10059,   826.495239,           0.
     33,    1239.5675,   628.578125,  -513.445679
     34,   948.723755,   628.578125,  -948.723999
     35,   513.445862,   628.578125,  -1239.56738
     36,  1.59995907e-05,   628.578125,  -1341.69824
     37,  -513.445862,   628.578125,  -1239.56738
     38,  -948.723938,   628.578125,  -948.723816
     39,   -1239.5675,   628.578125,  -513.445679
     40,  -1341.69824,   628.578125, -0.000117294985
     41,   -1239.5675,   628.578125,    513.44574
     42,  -948.723877,   628.578125,   948.723877
     43,  -513.445618,   628.578125,    1239.5675
     44,  -5.86474926e-05,   628.578125,   1341.69824
     45,   513.445679,   628.578125,    1239.5675
     46,   948.723877,   628.578125,   948.723877
     47,    1239.5675,   628.578125,   513.445679
     48,   1341.69812,   628.578125,           0.
     49,   1458.74365,   350.482666,  -604.231384
     50,   1116.47388,   350.482666,  -1116.47424
     51,   604.231628,   350.482666,  -1458.74353
     52,  1.88285831e-05,   350.482666,  -1578.93274
     53,  -604.231628,   350.482666,  -1458.74353
     54,  -1116.47412,   350.482666,    -1116.474
     55,  -1458.74365,   350.482666,  -604.231384
     56,  -1578.93274,   350.482666, -0.00013803468
     57,  -1458.74353,   350.482666,   604.231506
     58,    -1116.474,   350.482666,     1116.474
     59,  -604.231323,   350.482666,   1458.74365
     60,  -6.90173401e-05,   350.482666,   1578.93274
     61,   604.231384,   350.482666,   1458.74365
     62,     1116.474,   350.482666,     1116.474
     63,   1458.74365,   350.482666,   604.231384
     64,   1578.93274,   350.482666,           0.
     65,   1547.49817,           0.,  -640.994751
     66,   1184.40381,           0.,  -1184.40381
     67,   640.994751,           0.,  -1547.49817
     68,           0.,           0.,       -1675.
     69,  -640.994751,           0.,  -1547.49817
     70,  -1184.40381,           0.,  -1184.40381
     71,  -1547.49817,           0.,  -640.994751
     72,       -1675.,           0.,           0.
     73,  -1547.49817,           0.,   640.994751
     74,  -1184.40381,           0.,   1184.40381
     75,  -640.994751,           0.,   1547.49817
     76,           0.,           0.,        1675.
     77,   640.994751,           0.,   1547.49817
     78,   1184.40381,           0.,   1184.40381
     79,   1547.49817,           0.,   640.994751
     80,        1675.,           0.,           0.
     81,   1547.49817,        -180.,  -640.994751
     82,   1184.40381,        -180.,  -1184.40381
     83,   640.994751,        -180.,  -1547.49817
     84,           0.,        -180.,       -1675.
     85,  -640.994751,        -180.,  -1547.49817
     86,  -1184.40381,        -180.,  -1184.40381
     87,  -1547.49817,        -180.,  -640.994751
     88,       -1675.,        -180.,           0.
     89,  -1547.49817,        -180.,   640.994751
     90,  -1184.40381,        -180.,   1184.40381
     91,  -640.994751,        -180.,   1547.49817
     92,           0.,        -180.,        1675.
     93,   640.994751,        -180.,   1547.49817
     94,   1184.40381,        -180.,   1184.40381
     95,   1547.49817,        -180.,   640.994751
     96,        1675.,        -180.,           0.
     97,   1547.49817,        -360.,  -640.994751
     98,   1184.40381,        -360.,  -1184.40381
     99,   640.994751,        -360.,  -1547.49817
    100,           0.,        -360.,       -1675.
    101,  -640.994751,        -360.,  -1547.49817
    102,  -1184.40381,        -360.,  -1184.40381
    103,  -1547.49817,        -360.,  -640.994751
    104,       -1675.,        -360.,           0.
    105,  -1547.49817,        -360.,   640.994751
    106,  -1184.40381,        -360.,   1184.40381
    107,  -640.994751,        -360.,   1547.49817
    108,           0.,        -360.,        1675.
    109,   640.994751,        -360.,   1547.49817
    110,   1184.40381,        -360.,   1184.40381
    111,   1547.49817,        -360.,   640.994751
    112,        1675.,        -360.,           0.
    113,   1547.49817,        -540.,  -640.994751
    114,   1184.40381,        -540.,  -1184.40381
    115,   640.994751,        -540.,  -1547.49817
    116,           0.,        -540.,       -1675.
    117,  -640.994751,        -540.,  -1547.49817
    118,  -1184.40381,        -540.,  -1184.40381
    119,  -1547.49817,        -540.,  -640.994751
    120,       -1675.,        -540.,           0.
    121,  -1547.49817,        -540.,   640.994751
    122,  -1184.40381,        -540.,   1184.40381
    123,  -640.994751,        -540.,   1547.49817
    124,           0.,        -540.,        1675.
    125,   640.994751,        -540.,   1547.49817
    126,   1184.40381,        -540.,   1184.40381
    127,   1547.49817,        -540.,   640.994751
    128,        1675.,        -540.,           0.
    129,   1547.49817,        -720.,  -640.994751
    130,   1184.40381,        -720.,  -1184.40381
    131,   640.994751,        -720.,  -1547.49817
    132,           0.,        -720.,       -1675.
    133,  -640.994751,        -720.,  -1547.49817
    134,  -1184.40381,        -720.,  -1184.40381
    135,  -1547.49817,        -720.,  -640.994751
    136,       -1675.,        -720.,           0.
    137,  -1547.49817,        -720.,   640.994751
    138,  -1184.40381,        -720.,   1184.40381
    139,  -640.994751,        -720.,   1547.49817
    140,           0.,        -720.,        1675.
    141,   640.994751,        -720.,   1547.49817
    142,   1184.40381,        -720.,   1184.40381
    143,   1547.49817,        -720.,   640.994751
    144,        1675.,        -720.,           0.
    145,   1547.49817,        -900.,  -640.994751
    146,   1184.40381,        -900.,  -1184.40381
    147,   640.994751,        -900.,  -1547.49817
    148,           0.,        -900.,       -1675.
    149,  -640.994751,        -900.,  -1547.49817
    150,  -1184.40381,        -900.,  -1184.40381
    151,  -1547.49817,        -900.,  -640.994751
    152,       -1675.,        -900.,           0.
    153,  -1547.49817,        -900.,   640.994751
    154,  -1184.40381,        -900.,   1184.40381
    155,  -640.994751,        -900.,   1547.49817
    156,           0.,        -900.,        1675.
    157,   640.994751,        -900.,   1547.49817
    158,   1184.40381,        -900.,   1184.40381
    159,   1547.49817,        -900.,   640.994751
    160,        1675.,        -900.,           0.
    161,   1547.49817,       -1080.,  -640.994751
    162,   1184.40381,       -1080.,  -1184.40381
    163,   640.994751,       -1080.,  -1547.49817
    164,           0.,       -1080.,       -1675.
    165,  -640.994751,       -1080.,  -1547.49817
    166,  -1184.40381,       -1080.,  -1184.40381
    167,  -1547.49817,       -1080.,  -640.994751
    168,       -1675.,       -1080.,           0.
    169,  -1547.49817,       -1080.,   640.994751
    170,  -1184.40381,       -1080.,   1184.40381
    171,  -640.994751,       -1080.,   1547.49817
    172,           0.,       -1080.,        1675.
    173,   640.994751,       -1080.,   1547.49817
    174,   1184.40381,       -1080.,   1184.40381
    175,   1547.49817,       -1080.,   640.994751
    176,        1675.,       -1080.,           0.
    177,   1547.49817,       -1260.,  -640.994751
    178,   1184.40381,       -1260.,  -1184.40381
    179,   640.994751,       -1260.,  -1547.49817
    180,           0.,       -1260.,       -1675.
    181,  -640.994751,       -1260.,  -1547.49817
    182,  -1184.40381,       -1260.,  -1184.40381
    183,  -1547.49817,       -1260.,  -640.994751
    184,       -1675.,       -1260.,           0.
    185,  -1547.49817,       -1260.,   640.994751
    186,  -1184.40381,       -1260.,   1184.40381
    187,  -640.994751,       -1260.,   1547.49817
    188,           0.,       -1260.,        1675.
    189,   640.994751,       -1260.,   1547.49817
    190,   1184.40381,       -1260.,   1184.40381
    191,   1547.49817,       -1260.,   640.994751
    192,        1675.,       -1260.,           0.
    193,   1547.49817,       -1440.,  -640.994751
    194,   1184.40381,       -1440.,  -1184.40381
    195,   640.994751,       -1440.,  -1547.49817
    196,           0.,       -1440.,       -1675.
    197,  -640.994751,       -1440.,  -1547.49817
    198,  -1184.40381,       -1440.,  -1184.40381
    199,  -1547.49817,       -1440.,  -640.994751
    200,       -1675.,       -1440.,           0.
    201,  -1547.49817,       -1440.,   640.994751
    202,  -1184.40381,       -1440.,   1184.40381
    203,  -640.994751,       -1440.,   1547.49817
    204,           0.,       -1440.,        1675.
    205,   640.994751,       -1440.,   1547.49817
    206,   1184.40381,       -1440.,   1184.40381
    207,   1547.49817,       -1440.,   640.994751
    208,        1675.,       -1440.,           0.
    209,   1547.49817,       -1620.,  -640.994751
    210,   1184.40381,       -1620.,  -1184.40381
    211,   640.994751,       -1620.,  -1547.49817
    212,           0.,       -1620.,       -1675.
    213,  -640.994751,       -1620.,  -1547.49817
    214,  -1184.40381,       -1620.,  -1184.40381
    215,  -1547.49817,       -1620.,  -640.994751
    216,       -1675.,       -1620.,           0.
    217,  -1547.49817,       -1620.,   640.994751
    218,  -1184.40381,       -1620.,   1184.40381
    219,  -640.994751,       -1620.,   1547.49817
    220,           0.,       -1620.,        1675.
    221,   640.994751,       -1620.,   1547.49817
    222,   1184.40381,       -1620.,   1184.40381
    223,   1547.49817,       -1620.,   640.994751
    224,        1675.,       -1620.,           0.
    225,   1547.49817,       -1800.,  -640.994751
    226,   1184.40381,       -1800.,  -1184.40381
    227,   640.994751,       -1800.,  -1547.49817
    228,           0.,       -1800.,       -1675.
    229,  -640.994751,       -1800.,  -1547.49817
    230,  -1184.40381,       -1800.,  -1184.40381
    231,  -1547.49817,       -1800.,  -640.994751
    232,       -1675.,       -1800.,           0.
    233,  -1547.49817,       -1800.,   640.994751
    234,  -1184.40381,       -1800.,   1184.40381
    235,  -640.994751,       -1800.,   1547.49817
    236,           0.,       -1800.,        1675.
    237,   640.994751,       -1800.,   1547.49817
    238,   1184.40381,       -1800.,   1184.40381
    239,   1547.49817,       -1800.,   640.994751
    240,        1675.,       -1800.,           0.
    241,   1458.74365,  -2150.48267,  -604.231384
    242,   1116.47388,  -2150.48267,  -1116.47424
    243,   604.231628,  -2150.48267,  -1458.74353
    244,  1.88285831e-05,  -2150.48267,  -1578.93274
    245,  -604.231628,  -2150.48267,  -1458.74353
    246,  -1116.47412,  -2150.48267,    -1116.474
    247,  -1458.74365,  -2150.48267,  -604.231384
    248,  -1578.93274,  -2150.48267, -0.00013803468
    249,  -1458.74353,  -2150.48267,   604.231506
    250,    -1116.474,  -2150.48267,     1116.474
    251,  -604.231323,  -2150.48267,   1458.74365
    252,  -6.90173401e-05,  -2150.48267,   1578.93274
    253,   604.231384,  -2150.48267,   1458.74365
    254,     1116.474,  -2150.48267,     1116.474
    255,   1458.74365,  -2150.48267,   604.231384
    256,   1578.93274,  -2150.48267,           0.
    257,    1239.5675,  -2428.57813,  -513.445679
    258,   948.723755,  -2428.57813,  -948.723999
    259,   513.445862,  -2428.57813,  -1239.56738
    260,  1.59995907e-05,  -2428.57813,  -1341.69824
    261,  -513.445862,  -2428.57813,  -1239.56738
    262,  -948.723938,  -2428.57813,  -948.723816
    263,   -1239.5675,  -2428.57813,  -513.445679
    264,  -1341.69824,  -2428.57813, -0.000117294985
    265,   -1239.5675,  -2428.57813,    513.44574
    266,  -948.723877,  -2428.57813,   948.723877
    267,  -513.445618,  -2428.57813,    1239.5675
    268,  -5.86474926e-05,  -2428.57813,   1341.69824
    269,   513.445679,  -2428.57813,    1239.5675
    270,   948.723877,  -2428.57813,   948.723877
    271,    1239.5675,  -2428.57813,   513.445679
    272,   1341.69812,  -2428.57813,           0.
    273,    954.46051,  -2626.49536,  -395.350464
    274,   730.512329,  -2626.49536,  -730.512573
    275,   395.350647,  -2626.49536,  -954.460449
    276,  1.23196014e-05,  -2626.49536,  -1033.10059
    277,  -395.350616,  -2626.49536,  -954.460449
    278,  -730.512512,  -2626.49536,   -730.51239
    279,   -954.46051,  -2626.49536,  -395.350494
    280,  -1033.10059,  -2626.49536,  -9.03165273e-05
    281,  -954.460449,  -2626.49536,   395.350555
    282,  -730.512451,  -2626.49536,   730.512451
    283,  -395.350464,  -2626.49536,    954.46051
    284,  -4.51582637e-05,  -2626.49536,   1033.10059
    285,   395.350494,  -2626.49536,    954.46051
    286,   730.512451,  -2626.49536,   730.512451
    287,    954.46051,  -2626.49536,   395.350494
    288,   1033.10059,  -2626.49536,           0.
    289,   637.476868,  -2756.77148,  -264.051575
    290,   487.903687,  -2756.77148,  -487.903687
    291,   264.051575,  -2756.77148,  -637.476868
    292,           0.,  -2756.77148,        -690.
    293,  -264.051575,  -2756.77148,  -637.476868
    294,  -487.903687,  -2756.77148,  -487.903687
    295,  -637.476868,  -2756.77148,  -264.051575
    296,        -690.,  -2756.77148,           0.
    297,  -637.476868,  -2756.77148,   264.051575
    298,  -487.903687,  -2756.77148,   487.903687
    299,  -264.051575,  -2756.77148,   637.476868
    300,           0.,  -2756.77148,         690.
    301,   264.051575,  -2756.77148,   637.476868
    302,   487.903687,  -2756.77148,   487.903687
    303,   637.476868,  -2756.77148,   264.051575
    304,         690.,  -2756.77148,           0.
    305,   1547.49817,         300.,  -640.994751
    306,   1184.40381,         300.,  -1184.40381
    307,   640.994751,         300.,  -1547.49817
    308,           0.,         300.,       -1675.
    309,  -640.994751,         300.,  -1547.49817
    310,  -1184.40381,         300.,  -1184.40381
    311,  -1547.49817,         300.,  -640.994751
    312,       -1675.,         300.,           0.
    313,  -1547.49817,         300.,   640.994751
    314,  -1184.40381,         300.,   1184.40381
    315,  -640.994751,         300.,   1547.49817
    316,           0.,         300.,        1675.
    317,   640.994751,         300.,   1547.49817
    318,   1184.40381,         300.,   1184.40381
    319,   1547.49817,         300.,   640.994751
    320,        1675.,         300.,           0.
    321,   1547.49817,         150.,  -640.994751
    322,   1184.40381,         150.,  -1184.40381
    323,   640.994751,         150.,  -1547.49817
    324,           0.,         150.,       -1675.
    325,  -640.994751,         150.,  -1547.49817
    326,  -1184.40381,         150.,  -1184.40381
    327,  -1547.49817,         150.,  -640.994751
    328,       -1675.,         150.,           0.
    329,  -1547.49817,         150.,   640.994751
    330,  -1184.40381,         150.,   1184.40381
    331,  -640.994751,         150.,   1547.49817
    332,           0.,         150.,        1675.
    333,   640.994751,         150.,   1547.49817
    334,   1184.40381,         150.,   1184.40381
    335,   1547.49817,         150.,   640.994751
    336,        1675.,         150.,           0.
    369,   1547.49817,       -1950.,  -640.994751
    370,   1184.40381,       -1950.,  -1184.40381
    371,   640.994751,       -1950.,  -1547.49817
    372,           0.,       -1950.,       -1675.
    373,  -640.994751,       -1950.,  -1547.49817
    374,  -1184.40381,       -1950.,  -1184.40381
    375,  -1547.49817,       -1950.,  -640.994751
    376,       -1675.,       -1950.,           0.
    377,  -1547.49817,       -1950.,   640.994751
    378,  -1184.40381,       -1950.,   1184.40381
    379,  -640.994751,       -1950.,   1547.49817
    380,           0.,       -1950.,        1675.
    381,   640.994751,       -1950.,   1547.49817
    382,   1184.40381,       -1950.,   1184.40381
    383,   1547.49817,       -1950.,   640.994751
    384,        1675.,       -1950.,           0.
    385,        1675.,       -2100.,           0.
    386,   1547.49817,       -2100.,  -640.994751
    387,   1184.40381,       -2100.,  -1184.40381
    388,   640.994751,       -2100.,  -1547.49817
    389,           0.,       -2100.,       -1675.
    390,  -640.994751,       -2100.,  -1547.49817
    391,  -1184.40381,       -2100.,  -1184.40381
    392,  -1547.49817,       -2100.,  -640.994751
    393,       -1675.,       -2100.,           0.
    394,  -1547.49817,       -2100.,   640.994751
    395,  -1184.40381,       -2100.,   1184.40381
    396,  -640.994751,       -2100.,   1547.49817
    397,           0.,       -2100.,        1675.
    398,   640.994751,       -2100.,   1547.49817
    399,   1184.40381,       -2100.,   1184.40381
    400,   1547.49817,       -2100.,   640.994751