1,0.000000,-1835.000000,1669.000000,
2,0.000000,-1760.000000,1669.000000,
3,0.000000,-1685.000000,1669.000000,
4,0.000000,-1610.000000,1669.000000,
5,0.000000,-1535.000000,1669.000000,
6,163.590607,-1835.000000,1660.963260,
7,163.590607,-1760.000000,1660.963260,
8,163.590607,-1685.000000,1660.963260,
9,163.590607,-1610.000000,1660.963260,
10,163.590607,-1535.000000,1660.963260,
11,325.605743,-1835.000000,1636.930660,
12,325.605743,-1760.000000,1636.930660,
13,325.605743,-1685.000000,1636.930660,
14,325.605743,-1610.000000,1636.930660,
15,325.605743,-1535.000000,1636.930660,
16,484.485138,-1835.000000,1597.133420,
17,484.485138,-1760.000000,1597.133420,
18,484.485138,-1685.000000,1597.133420,
19,484.485138,-1610.000000,1597.133420,
20,484.485138,-1535.000000,1597.133420,
21,638.698669,-1835.000000,1541.954960,
22,638.698669,-1760.000000,1541.954960,
23,638.698669,-1685.000000,1541.954960,
24,638.698669,-1610.000000,1541.954960,
25,638.698669,-1535.000000,1541.954960,
26,786.761169,-1835.000000,1471.926640,
27,786.761169,-1760.000000,1471.926640,
28,786.761169,-1685.000000,1471.926640,
29,786.761169,-1610.000000,1471.926640,
30,786.761169,-1535.000000,1471.926640,
31,927.246704,-1835.000000,1387.722780,
32,927.246704,-1760.000000,1387.722780,
33,927.246704,-1685.000000,1387.722780,
34,927.246704,-1610.000000,1387.722780,
35,927.246704,-1535.000000,1387.722780,
36,1058.802370,-1835.000000,1290.154420,
37,1058.802370,-1760.000000,1290.154420,
38,1058.802370,-1685.000000,1290.154420,
39,1058.802370,-1610.000000,1290.154420,
40,1058.802370,-1535.000000,1290.154420,
41,1180.161250,-1835.000000,1180.161250,
42,1180.161250,-1760.000000,1180.161250,
43,1180.161250,-1685.000000,1180.161250,
44,1180.161250,-1610.000000,1180.161250,
45,1180.161250,-1535.000000,1180.161250,
46,1290.154420,-1835.000000,1058.802370,
47,1290.154420,-1760.000000,1058.802370,
48,1290.154420,-1685.000000,1058.802370,
49,1290.154420,-1610.000000,1058.802370,
50,1290.154420,-1535.000000,1058.802370,
51,1387.722780,-1835.000000,927.246704,
52,1387.722780,-1760.000000,927.246704,
53,1387.722780,-1685.000000,927.246704,
54,1387.722780,-1610.000000,927.246704,
55,1387.722780,-1535.000000,927.246704,
56,1471.926640,-1835.000000,786.761169,
57,1471.926640,-1760.000000,786.761169,
58,1471.926640,-1685.000000,786.761169,
59,1471.926640,-1610.000000,786.761169,
60,1471.926640,-1535.000000,786.761169,
61,1541.954960,-1835.000000,638.698669,
62,1541.954960,-1760.000000,638.698669,
63,1541.954960,-1685.000000,638.698669,
64,1541.954960,-1610.000000,638.698669,
65,1541.954960,-1535.000000,638.698669,
66,1597.133420,-1835.000000,484.485138,
67,1597.133420,-1760.000000,484.485138,
68,1597.133420,-1685.000000,484.485138,
69,1597.133420,-1610.000000,484.485138,
70,1597.133420,-1535.000000,484.485138,
71,1636.930660,-1835.000000,325.605743,
72,1636.930660,-1760.000000,325.605743,
73,1636.930660,-1685.000000,325.605743,
74,1636.930660,-1610.000000,325.605743,
75,1636.930660,-1535.000000,325.605743,
76,1660.963260,-1835.000000,163.590607,
77,1660.963260,-1760.000000,163.590607,
78,1660.963260,-1685.000000,163.590607,
79,1660.963260,-1610.000000,163.590607,
80,1660.963260,-1535.000000,163.590607,
81,1669.000000,-1835.000000,0.000000,
82,1669.000000,-1760.000000,0.000000,
83,1669.000000,-1685.000000,0.000000,
84,1669.000000,-1610.000000,0.000000,
85,1669.000000,-1535.000000,0.000000,
86,-1669.000000,-1835.000000,0.000000,
87,-1669.000000,-1760.000000,0.000000,
88,-1669.000000,-1685.000000,0.000000,
89,-1669.000000,-1610.000000,0.000000,
90,-1669.000000,-1535.000000,0.000000,
91,-1660.963300,-1835.000000,163.590610,
92,-1660.963300,-1760.000000,163.590610,
93,-1660.963300,-1685.000000,163.590610,
94,-1660.963300,-1610.000000,163.590610,
95,-1660.963300,-1535.000000,163.590610,
96,-1636.930700,-1835.000000,325.605740,
97,-1636.930700,-1760.000000,325.605740,
98,-1636.930700,-1685.000000,325.605740,
99,-1636.930700,-1610.000000,325.605740,
100,-1636.930700,-1535.000000,325.605740,
101,-1597.133400,-1835.000000,484.485140,
102,-1597.133400,-1760.000000,484.485140,
103,-1597.133400,-1685.000000,484.485140,
104,-1597.133400,-1610.000000,484.485140,
105,-1597.133400,-1535.000000,484.485140,
106,-1541.955000,-1835.000000,638.698670,
107,-1541.955000,-1760.000000,638.698670,
108,-1541.955000,-1685.000000,638.698670,
109,-1541.955000,-1610.000000,638.698670,
110,-1541.955000,-1535.000000,638.698670,
111,-1471.926600,-1835.000000,786.761170,
112,-1471.926600,-1760.000000,786.761170,
113,-1471.926600,-1685.000000,786.761170,
114,-1471.926600,-1610.000000,786.761170,
115,-1471.926600,-1535.000000,786.761170,
116,-1387.722800,-1835.000000,927.246700,
117,-1387.722800,-1760.000000,927.246700,
118,-1387.722800,-1685.000000,927.246700,
119,-1387.722800,-1610.000000,927.246700,
120,-1387.722800,-1535.000000,927.246700,
121,-1290.154400,-1835.000000,1058.802400,
122,-1290.154400,-1760.000000,1058.802400,
123,-1290.154400,-1685.000000,1058.802400,
124,-1290.154400,-1610.000000,1058.802400,
125,-1290.154400,-1535.000000,1058.802400,
126,-1180.161300,-1835.000000,1180.161300,
127,-1180.161300,-1760.000000,1180.161300,
128,-1180.161300,-1685.000000,1180.161300,
129,-1180.161300,-1610.000000,1180.161300,
130,-1180.161300,-1535.000000,1180.161300,
131,-1058.802400,-1835.000000,1290.154400,
132,-1058.802400,-1760.000000,1290.154400,
133,-1058.802400,-1685.000000,1290.154400,
134,-1058.802400,-1610.000000,1290.154400,
135,-1058.802400,-1535.000000,1290.154400,
136,-927.246700,-1835.000000,1387.722800,
137,-927.246700,-1760.000000,1387.722800,
138,-927.246700,-1685.000000,1387.722800,
139,-927.246700,-1610.000000,1387.722800,
140,-927.246700,-1535.000000,1387.722800,
141,-786.761170,-1835.000000,1471.926600,
142,-786.761170,-1760.000000,1471.926600,
143,-786.761170,-1685.000000,1471.926600,
144,-786.761170,-1610.000000,1471.926600,
145,-786.761170,-1535.000000,1471.926600,
146,-638.698670,-1835.000000,1541.955000,
147,-638.698670,-1760.000000,1541.955000,
148,-638.698670,-1685.000000,1541.955000,
149,-638.698670,-1610.000000,1541.955000,
150,-638.698670,-1535.000000,1541.955000,
151,-484.485140,-1835.000000,1597.133400,
152,-484.485140,-1760.000000,1597.133400,
153,-484.485140,-1685.000000,1597.133400,
154,-484.485140,-1610.000000,1597.133400,
155,-484.485140,-1535.000000,1597.133400,
156,-325.605740,-1835.000000,1636.930700,
157,-325.605740,-1760.000000,1636.930700,
158,-325.605740,-1685.000000,1636.930700,
159,-325.605740,-1610.000000,1636.930700,
160,-325.605740,-1535.000000,1636.930700,
161,-163.590610,-1835.000000,1660.963300,
162,-163.590610,-1760.000000,1660.963300,
163,-163.590610,-1685.000000,1660.963300,
164,-163.590610,-1610.000000,1660.963300,
165,-163.590610,-1535.000000,1660.963300,